10.73
3.70
-14.33
-16.12
-24.21
3.25
6.37
8.33
-0.74
-11.08
-0.87
-5.65
-3.31
11.12
19.89
4.92
-9.79
-3.44
1.74
2.53
-3.46
-0.09
19.24
0.33
5.85
2.52
-9.91
8.96
-1.71
3.68
-4.24
28.31
3.70
0.19
-1.60
-9.09
-13.01
-7.95
23.41
13.18
-12.71
-1.28
10.16
-1.45
5.66
-5.65
-4.92
-8.78
-0.65
20.33
15.29
18.02
-3.96
-4.41
8.07
3.33
-21.42
4.87
13.50
-26.12
-2.27
-8.17
12.57
-17.58
-22.58
14.19
-10.74
-12.24
6.42
7.33
16.57
-0.70
-23.08
-1.73
-9.13
9.91
5.82
-8.78
3.06
3.42
-1.10
1.89
-24.14
-22.82
8.26
-10.70
-15.59
8.24
-2.21
-9.08
-3.36
12.44
-26.98
3.58
-12.39
7.29
-1.51
-8.06
-0.32
8.80
