2.71
-7.51
-3.21
0.87
6.38
13.52
7.82
-2.97
-17.67
-4.33
-9.50
3.19
-0.66
4.72
10.92
2.50
7.21
12.72
26.49
17.64
-6.27
11.46
10.41
7.64
-15.10
-18.75
8.52
13.08
10.53
9.83
-1.07
2.86
-10.24
23.91
-6.86
-2.16
4.08
-8.87
-18.31
18.55
16.81
-15.35
-10.00
3.55
-10.16
-1.36
-15.29
-2.30
18.47
7.77
12.03
4.97
-9.53
-15.39
13.50
4.07
13.67
-8.64
-18.23
-8.39
-10.19
5.32
-8.42
12.72
-2.47
-7.84
-5.38
-4.90
11.44
2.38
3.59
-2.87
3.67
-11.87
-1.75
17.63
1.15
-3.93
-14.58
3.96
0.23
6.79
9.02
-1.52
3.10
5.62
20.50
-18.96
-1.37
24.28
-12.15
11.55
-11.07
-10.18
8.76
-15.38
-11.94
-9.39
-20.94
15.49
-0.91
-18.68
-4.19
-22.96
12.42
6.24
-12.91
0.56
7.43
3.51
-11.96
-9.64
-7.34
-3.49
2.30
-11.29
-8.67
10.25
0.76
2.96
1.74
1.70
2.16
20.31
-10.52
11.72
0.19
7.08
7.05
-19.51
-2.75
1.86
13.02
3.99
2.10
4.78
4.50
2.73
6.24
-18.20
-29.71
8.79
8.93
-4.16
1.71
7.19
-11.85
0.09
5.70
8.53
6.81
1.37
-13.63
8.44
4.77
-10.02
-8.23
5.29
-1.78
-12.88
2.52
8.71
-1.03
14.54
0.84
-8.47
-23.36
1.10
-8.45
-1.84
4.49
0.36
-2.12
15.92
15.63
-16.45
-0.82
-3.58
15.20
-10.34
-13.64
-14.31
5.94
4.47
-3.92
-13.48
-5.70
-15.19
17.58
-12.86
3.51
-11.40
-16.29
11.39
-0.46
-7.77
7.09
15.77
6.42
-4.02
-6.82
-9.99
-6.90
2.10
5.20
6.94
-1.71
-6.84
-11.36
-0.16
13.12
-8.08
24.83
4.94
-2.69
-21.50
-15.89
4.43
-9.00
5.68
-3.21
5.37
11.19
8.86
-9.99
-11.73
-11.55
-16.34
7.75
12.53
-23.30
-20.08
-13.12
1.93
-4.72
-9.57
-3.94
-0.11
4.44
2.45
-3.91
12.88
14.56
-0.67
3.39
18.30
-12.23
11.59
4.98
-1.68
12.31
-8.27
14.24
-2.37
-3.47
-6.39
5.85
10.37
-15.27
3.88
-2.94
-7.04
0.75
-0.25
-11.62
-6.64
-19.68
-13.32
9.90
-9.10
6.57
3.62
-15.50
8.06
14.23
-13.32
3.71
-13.47
-10.32
-14.39
14.42
-2.39
11.09
-11.11
11.73
7.03
-8.29
7.99
15.61
-3.51
3.62
-2.51
-4.26
4.00
-17.01
-4.10
4.80
-15.10
4.83
1.60
-6.49
0.09
-1.06
4.04
-13.78
21.48
7.79
2.29
-7.04
21.70
-17.03
-6.95
11.78
-18.04
0.01
6.97
-7.40
-8.54
3.42
17.83
-8.56
-4.73
-19.97
-0.01
-9.73
17.15
8.94
9.20
0.56
24.57
-9.51
-1.20
6.33
-0.68
-8.70
23.13
17.79
-2.54
7.57
7.19
-4.05
9.28
3.20
2.08
-6.62
-2.44
-6.11
-3.05
-5.41
-2.44
-7.99
-5.85
0.12
-22.02
1.80
-0.04
-0.71
8.52
11.35
-15.53
16.22
9.01
1.52
-25.71
2.71
-15.57
9.23
-3.12
32.04
1.85
-12.85
2.42
-26.73
9.59
-4.69
9.95
5.40
-4.85
10.64
4.00
6.82
-10.57
-9.35
2.72
-3.00
16.50
-10.52
4.86
8.16
-9.70
4.69
4.01
-0.53
13.57
0.28
-1.59
22.49
-10.86
17.62
1.27
-1.56
2.99
2.60
6.56
-18.81
1.58
0.20
-0.05
-9.50
-2.42
19.66
6.21
11.91
-2.15
-2.19
-0.04
0.46
-6.86
-9.88
-10.53
9.71
4.87
10.21
19.98
22.29
-1.62
7.95
-2.23
-14.94
0.71
-21.08
-9.86
-12.95
-11.75
-9.64
-6.17
-6.83
-2.64
13.33
11.49
-14.64
6.18
-16.70
-5.63
7.01
-1.58
-1.99
7.01
1.81
-5.62
2.29
15.42
5.57
5.32
-18.53
-13.79
-18.48
7.07
-0.23
14.96
17.68
11.93
0.01
-8.77
-10.58
0.48
-4.70
-1.76
14.32
-19.11
-4.85
-10.34
-18.71
-9.76
11.39
9.42
-5.64
11.72
16.63
-10.49
-10.70
-28.89
-15.17
-16.53
13.45
6.22
-11.75
16.35
14.42
14.47
6.63
-13.38
5.94
-2.22
18.44
17.90
-6.32
-9.67
-9.09
-7.88
-2.85
9.00
32.59
-11.01
-14.60
9.43
-17.03
1.58
8.48
-15.70
-15.91
-13.28
9.63
7.36
-1.86
23.35
-2.91
5.37
-12.14
-10.13
4.44
-9.44
2.17
-4.30
9.15
0.78
7.23
-13.88
-11.42
8.20
-11.26
-12.39
-9.00
11.48
0.03
9.57
-13.99
-18.70
10.44
-2.30
1.44
-12.19
-31.79
-16.64
22.19
5.31
-0.27
11.53
6.24
-11.04
1.89
-3.09
-14.51
-5.41
-5.29
-9.54
-4.81
10.91
0.04
-6.22
-17.29
-22.80
3.67
24.00
10.95
-13.66
-19.93
-1.68
10.09
1.55
8.70
-3.82
-13.05
4.08
-30.73
-8.92
-9.94
-22.99
-8.93
-22.31
5.34
-11.79
10.36
-9.37
9.80
10.27
3.81
1.09
5.98
30.81
-5.66
-6.55
-3.53
3.71
-3.79
16.20
4.65
-8.15
16.63
-9.10
-2.89
-10.50
11.56
5.73
20.67
20.68
-11.83
-1.86
17.00
-8.06
13.09
-8.01
7.70
-21.51
15.35
14.08
14.02
0.12
7.78
-3.24
19.73
2.09
2.96
-4.19
-9.34
-13.93
1.71
-23.42
-12.25
-11.29
5.66
-4.68
0.19
10.89
6.65
-3.99
-2.67
-2.95
-2.23
4.02
-4.84
13.03
11.40
0.78
-11.57
-1.20
12.71
-5.02
13.34
-13.60
-13.45
7.84
-1.26
-6.61
-6.73
-5.07
8.41
-18.60
-3.52
6.11
-8.69
12.58
12.91
11.31
-15.31
-0.70
-9.99
-11.98
13.35
-2.40
-10.43
20.99
-2.22
19.58
6.42
-15.06
-3.95
14.02
15.05
-20.22
5.80
-16.80
4.33
-24.33
-12.61
14.10
-1.09
16.38
6.82
8.85
17.61
-2.24
-2.14
0.55
13.05
6.19
5.71
3.56
4.05
7.06
14.16
0.09
-1.24
-7.43
9.93
5.29
6.78
-12.92
-4.34
-21.77
-4.17
5.07
-1.30
-11.85
1.85
15.00
-2.43
12.17
2.88
5.48
11.53
-7.33
0.30
-1.81
5.98
1.07
0.23
4.22
-5.79
4.90
-4.67
10.06
0.12
-3.48
7.82
1.30
8.98
1.43
25.69
2.86
22.21
-3.05
-3.41
3.91
-7.59
-10.80
2.91
-6.97
0.37
-8.24
12.93
-0.33
11.16
-2.28
4.50
-5.99
-12.33
1.07
-0.51
-19.74
-9.84
-9.59
-9.47
-0.64
-8.53
0.32
15.59
-13.26
5.08
-1.72
3.05
-9.97
20.05
-1.87
12.25
-20.82
-14.94
-6.30
-29.32
5.08
0.56
17.96
2.64
-0.20
-14.60
-5.13
-4.15
-16.22
13.81
4.04
-23.76
-4.11
9.65
-17.60
-5.52
21.88
-7.73
-2.14
-10.95
-5.86
2.44
13.08
-17.25
7.73
2.97
1.64
-23.56
23.21
-9.18
-10.34
2.89
7.01
-3.54
15.15
2.83
4.29
26.43
9.91
-14.72
-8.53
5.31
-3.20
2.55
-13.68
-6.51
8.35
-9.37
-1.86
17.46
14.49
6.92
0.63
17.58
-3.49
27.98
3.01
-9.59
-21.68
20.65
-11.48
-2.99
-27.22
-4.26
-5.92
11.78
3.24
11.76
-0.61
0.57
-3.30
-7.37
-10.80
-6.10
4.56
7.93
-3.08
0.10
-3.17
9.25
8.13
-1.95
4.92
4.99
5.27
0.92
-21.37
6.97
-11.33
10.27
4.87
-6.27
7.64
4.59
13.13
-2.49
-7.59
-4.13
-4.58
0.51
-1.94
-7.98
-7.07
-13.08
-7.10
14.79
5.97
5.01
-9.43
10.37
2.19
-6.73
1.03
14.02
-10.61
-3.52
-2.65
13.56
6.54
-7.80
3.72
3.38
0.10
-6.22
-0.55
0.64
-3.44
1.72
3.53
30.03
9.40
-10.10
-13.25
-19.72
-0.18
1.34
2.18
-6.60
7.08
5.64
4.59
1.94
5.71
-1.23
2.68
0.37
-2.95
11.22
-9.79
-1.83
-2.97
-8.31
-9.92
19.57
-7.71
4.50
15.17
13.48
11.47
-17.29
-13.64
-1.28
-10.82
-5.20
-9.21
-9.99
-18.33
-15.35
-4.74
0.68
-4.38
-6.52
-1.73
9.97
-5.42
3.02
3.21
7.91
-8.64
12.59
-6.87
10.49
-16.37
-11.22
0.43
-9.50
-1.24
0.28
16.23
16.09
16.74
-2.97
-6.02
10.87
-18.57
20.14
-3.10
2.47
-4.51
4.10
2.53
-21.88
-6.88
0.11
-1.01
-3.36
-2.23
2.45
-7.13
5.23
-1.45
0.48
-9.45
9.02
12.36
-13.69
-7.33
1.91
-6.46
-3.71
-7.33
