-33.35
-27.90
-26.01
24.04
11.40
-41.22
15.23
-58.49
-11.45
-29.40
-11.47
28.44
-24.89
6.30
-31.55
6.03
-35.55
24.66
-52.32
-41.10
-47.45
50.44
-24.43
13.67
-32.65
-20.44
-10.02
-34.57
-17.85
21.94
12.19
-30.87
-9.66
3.29
5.13
51.16
-29.27
-19.26
-0.22
0.95
-8.58
-39.04
-14.04
30.78
6.69
-18.68
-16.05
13.56
-26.84
71.70
34.01
41.06
9.58
-18.20
57.70
-15.36
-32.25
37.95
-11.72
24.09
-33.64
-45.61
-22.33
49.37
58.00
4.97
8.28
42.32
-42.98
-7.58
-12.41
38.60
27.45
-36.96
-12.78
-17.96
42.98
53.96
-75.42
-53.32
45.30
-2.45
-23.45
15.84
-59.64
-40.17
22.20
-27.54
34.96
-18.92
-22.15
24.35
30.97
-64.76
-18.76
7.60
7.04
35.37
54.58
-4.41
